0 0.103125 0.5796875 0.046875 0.0390625
0 0.2015625 0.5796875 0.0484375 0.0375
0 0.31875 0.5765625 0.053125 0.04375
0 0.4640625 0.578125 0.053125 0.046875
0 0.640625 0.5796875 0.0640625 0.05625
0 0.8875 0.5765625 0.0734375 0.0625
0 0.2140625 0.528125 0.0390625 0.0375
0 0.309375 0.525 0.040625 0.0328125
0 0.4203125 0.51875 0.04375 0.034375
0 0.55 0.5140625 0.046875 0.040625
0 0.709375 0.5078125 0.053125 0.0453125
0 0.9125 0.5 0.0640625 0.0515625
0 0.2984375 0.4890625 0.0375 0.03125
0 0.3890625 0.4828125 0.034375 0.03125
0 0.4921875 0.475 0.0375 0.0328125
0 0.6140625 0.4671875 0.0421875 0.0359375
0 0.7546875 0.45625 0.0453125 0.0390625
0 0.928125 0.44375 0.0578125 0.04375
