0 0.896875 0.5796875 0.046875 0.0390625
0 0.7984375 0.5796875 0.0484375 0.0375
0 0.68125 0.5765625 0.053125 0.04375
0 0.5359375 0.578125 0.053125 0.046875
0 0.359375 0.5796875 0.0640625 0.05625
0 0.1125 0.5765625 0.0734375 0.0625
0 0.7859375 0.528125 0.0390625 0.0375
0 0.690625 0.525 0.040625 0.0328125
0 0.5796875 0.51875 0.04375 0.034375
0 0.45 0.5140625 0.046875 0.040625
0 0.290625 0.5078125 0.053125 0.0453125
0 0.0875 0.5 0.0640625 0.0515625
0 0.7015625 0.4890625 0.0375 0.03125
0 0.6109375 0.4828125 0.034375 0.03125
0 0.5078125 0.475 0.0375 0.0328125
0 0.3859375 0.4671875 0.0421875 0.0359375
0 0.2453125 0.45625 0.0453125 0.0390625
0 0.071875 0.44375 0.0578125 0.04375
