0 0.0671875 0.6234375 0.046875 0.040625
0 0.171875 0.615625 0.0484375 0.046875
0 0.296875 0.60625 0.053125 0.046875
0 0.4484375 0.5953125 0.05625 0.0515625
0 0.634375 0.58125 0.0625 0.059375
0 0.8828125 0.5625 0.0734375 0.0625
0 0.1796875 0.559375 0.0421875 0.040625
0 0.28125 0.5515625 0.0484375 0.0421875
0 0.396875 0.5359375 0.0453125 0.040625
0 0.5296875 0.51875 0.046875 0.0421875
0 0.6921875 0.5015625 0.0546875 0.0421875
0 0.89375 0.4796875 0.059375 0.05
0 0.265625 0.5125 0.040625 0.03125
0 0.359375 0.496875 0.0375 0.0328125
0 0.465625 0.484375 0.0375 0.034375
0 0.5890625 0.4671875 0.04375 0.0359375
0 0.728125 0.4484375 0.0515625 0.04375
0 0.9 0.4203125 0.05625 0.0453125
