0 0.9328125 0.6234375 0.046875 0.040625
0 0.828125 0.615625 0.0484375 0.046875
0 0.703125 0.60625 0.053125 0.046875
0 0.5515625 0.5953125 0.05625 0.0515625
0 0.365625 0.58125 0.0625 0.059375
0 0.1171875 0.5625 0.0734375 0.0625
0 0.8203125 0.559375 0.0421875 0.040625
0 0.71875 0.5515625 0.0484375 0.0421875
0 0.603125 0.5359375 0.0453125 0.040625
0 0.4703125 0.51875 0.046875 0.0421875
0 0.3078125 0.5015625 0.0546875 0.0421875
0 0.10625 0.4796875 0.059375 0.05
0 0.734375 0.5125 0.040625 0.03125
0 0.640625 0.496875 0.0375 0.0328125
0 0.534375 0.484375 0.0375 0.034375
0 0.4109375 0.4671875 0.04375 0.0359375
0 0.271875 0.4484375 0.0515625 0.04375
0 0.1 0.4203125 0.05625 0.0453125
