0 0.0796875 0.58125 0.046875 0.0390625
0 0.1796875 0.5796875 0.046875 0.0390625
0 0.3 0.5796875 0.0515625 0.046875
0 0.446875 0.5765625 0.0546875 0.046875
0 0.6234375 0.578125 0.0609375 0.0578125
0 0.865625 0.575 0.071875 0.05625
0 0.19375 0.5265625 0.040625 0.0328125
0 0.2921875 0.5234375 0.04375 0.034375
0 0.403125 0.51875 0.0421875 0.0375
0 0.5328125 0.5140625 0.046875 0.040625
0 0.690625 0.50625 0.0515625 0.04375
0 0.890625 0.496875 0.0640625 0.0484375
0 0.28125 0.4875 0.0359375 0.0265625
0 0.371875 0.48125 0.0359375 0.03125
0 0.475 0.475 0.0359375 0.03125
0 0.596875 0.465625 0.0421875 0.0375
0 0.7359375 0.4546875 0.0484375 0.0390625
0 0.90625 0.440625 0.0546875 0.040625
