0 0.9203125 0.58125 0.046875 0.0390625
0 0.8203125 0.5796875 0.046875 0.0390625
0 0.7 0.5796875 0.0515625 0.046875
0 0.553125 0.5765625 0.0546875 0.046875
0 0.3765625 0.578125 0.0609375 0.0578125
0 0.134375 0.575 0.071875 0.05625
0 0.80625 0.5265625 0.040625 0.0328125
0 0.7078125 0.5234375 0.04375 0.034375
0 0.596875 0.51875 0.0421875 0.0375
0 0.4671875 0.5140625 0.046875 0.040625
0 0.309375 0.50625 0.0515625 0.04375
0 0.109375 0.496875 0.0640625 0.0484375
0 0.71875 0.4875 0.0359375 0.0265625
0 0.628125 0.48125 0.0359375 0.03125
0 0.525 0.475 0.0359375 0.03125
0 0.403125 0.465625 0.0421875 0.0375
0 0.2640625 0.4546875 0.0484375 0.0390625
0 0.09375 0.440625 0.0546875 0.040625
