0 0.0921875 0.6078125 0.0453125 0.0375
0 0.1953125 0.6015625 0.046875 0.04375
0 0.3171875 0.590625 0.05 0.0453125
0 0.4671875 0.58125 0.0515625 0.05
0 0.65 0.5671875 0.0625 0.053125
0 0.9015625 0.5453125 0.078125 0.0578125
0 0.2015625 0.5453125 0.040625 0.034375
0 0.3 0.5328125 0.0421875 0.0328125
0 0.4125 0.51875 0.0453125 0.0359375
0 0.5453125 0.503125 0.0484375 0.0421875
0 0.7078125 0.4828125 0.05625 0.0484375
0 0.9109375 0.4609375 0.0625 0.0546875
0 0.2828125 0.49375 0.034375 0.03125
0 0.3765625 0.48125 0.0375 0.03125
0 0.4796875 0.465625 0.040625 0.0359375
0 0.603125 0.446875 0.0453125 0.0359375
0 0.746875 0.425 0.046875 0.040625
0 0.91875 0.3984375 0.05625 0.040625
