0 0.9078125 0.6078125 0.0453125 0.0375
0 0.8046875 0.6015625 0.046875 0.04375
0 0.6828125 0.590625 0.05 0.0453125
0 0.5328125 0.58125 0.0515625 0.05
0 0.35 0.5671875 0.0625 0.053125
0 0.0984375 0.5453125 0.078125 0.0578125
0 0.7984375 0.5453125 0.040625 0.034375
0 0.7 0.5328125 0.0421875 0.0328125
0 0.5875 0.51875 0.0453125 0.0359375
0 0.4546875 0.503125 0.0484375 0.0421875
0 0.2921875 0.4828125 0.05625 0.0484375
0 0.0890625 0.4609375 0.0625 0.0546875
0 0.7171875 0.49375 0.034375 0.03125
0 0.6234375 0.48125 0.0375 0.03125
0 0.5203125 0.465625 0.040625 0.0359375
0 0.396875 0.446875 0.0453125 0.0359375
0 0.253125 0.425 0.046875 0.040625
0 0.08125 0.3984375 0.05625 0.040625
