0 0.90625 0.59375 0.0453125 0.0375
0 0.8046875 0.590625 0.046875 0.0421875
0 0.6859375 0.578125 0.0484375 0.04375
0 0.5390625 0.5734375 0.053125 0.046875
0 0.3609375 0.5640625 0.059375 0.0546875
0 0.1125 0.5484375 0.0703125 0.059375
0 0.796875 0.5328125 0.0375 0.0296875
0 0.7015625 0.525 0.040625 0.0328125
0 0.5890625 0.5125 0.0421875 0.0375
0 0.4578125 0.5015625 0.046875 0.040625
0 0.2984375 0.4859375 0.0515625 0.0421875
0 0.096875 0.465625 0.059375 0.0484375
0 0.7140625 0.4875 0.0359375 0.0296875
0 0.621875 0.4765625 0.034375 0.03125
0 0.5171875 0.4625 0.0390625 0.0328125
0 0.396875 0.4484375 0.0421875 0.0375
0 0.2578125 0.4296875 0.046875 0.0390625
0 0.0859375 0.4078125 0.053125 0.04375
