0 0.0796875 0.6109375 0.0515625 0.0375
0 0.184375 0.6015625 0.053125 0.0421875
0 0.3046875 0.5921875 0.053125 0.0453125
0 0.459375 0.5796875 0.053125 0.05
0 0.64375 0.56875 0.0640625 0.0546875
0 0.89375 0.5484375 0.078125 0.0625
0 0.190625 0.5484375 0.0390625 0.034375
0 0.2890625 0.5359375 0.04375 0.0359375
0 0.40625 0.521875 0.0453125 0.0359375
0 0.5375 0.5078125 0.046875 0.040625
0 0.7 0.4875 0.0546875 0.04375
0 0.903125 0.4640625 0.065625 0.0515625
0 0.2734375 0.5 0.040625 0.028125
0 0.36875 0.4859375 0.0375 0.03125
0 0.4734375 0.471875 0.0421875 0.0328125
0 0.596875 0.4515625 0.04375 0.0359375
0 0.7390625 0.43125 0.0484375 0.0390625
0 0.9109375 0.4078125 0.053125 0.04375
