0 0.9203125 0.6109375 0.0515625 0.0375
0 0.815625 0.6015625 0.053125 0.0421875
0 0.6953125 0.5921875 0.053125 0.0453125
0 0.540625 0.5796875 0.053125 0.05
0 0.35625 0.56875 0.0640625 0.0546875
0 0.10625 0.5484375 0.078125 0.0625
0 0.809375 0.5484375 0.0390625 0.034375
0 0.7109375 0.5359375 0.04375 0.0359375
0 0.59375 0.521875 0.0453125 0.0359375
0 0.4625 0.5078125 0.046875 0.040625
0 0.3 0.4875 0.0546875 0.04375
0 0.096875 0.4640625 0.065625 0.0515625
0 0.7265625 0.5 0.040625 0.028125
0 0.63125 0.4859375 0.0375 0.03125
0 0.5265625 0.471875 0.0421875 0.0328125
0 0.403125 0.4515625 0.04375 0.0359375
0 0.2609375 0.43125 0.0484375 0.0390625
0 0.0890625 0.4078125 0.053125 0.04375
