0 0.075 0.6078125 0.046875 0.0390625
0 0.1765625 0.6015625 0.0484375 0.04375
0 0.296875 0.5921875 0.0546875 0.0421875
0 0.4484375 0.584375 0.0546875 0.0453125
0 0.6234375 0.5734375 0.0640625 0.053125
0 0.871875 0.559375 0.0734375 0.0578125
0 0.1875 0.546875 0.040625 0.034375
0 0.284375 0.5359375 0.04375 0.0359375
0 0.396875 0.525 0.04375 0.0375
0 0.528125 0.5125 0.0484375 0.040625
0 0.6859375 0.49375 0.0546875 0.0453125
0 0.8859375 0.475 0.0625 0.0515625
0 0.2703125 0.5 0.040625 0.03125
0 0.3609375 0.4875 0.040625 0.034375
0 0.465625 0.475 0.0375 0.03125
0 0.5875 0.459375 0.0421875 0.0375
0 0.728125 0.440625 0.0484375 0.040625
0 0.896875 0.4171875 0.053125 0.0390625
