0 0.925 0.6078125 0.046875 0.0390625
0 0.8234375 0.6015625 0.0484375 0.04375
0 0.703125 0.5921875 0.0546875 0.0421875
0 0.5515625 0.584375 0.0546875 0.0453125
0 0.3765625 0.5734375 0.0640625 0.053125
0 0.128125 0.559375 0.0734375 0.0578125
0 0.8125 0.546875 0.040625 0.034375
0 0.715625 0.5359375 0.04375 0.0359375
0 0.603125 0.525 0.04375 0.0375
0 0.471875 0.5125 0.0484375 0.040625
0 0.3140625 0.49375 0.0546875 0.0453125
0 0.1140625 0.475 0.0625 0.0515625
0 0.7296875 0.5 0.040625 0.03125
0 0.6390625 0.4875 0.040625 0.034375
0 0.534375 0.475 0.0375 0.03125
0 0.4125 0.459375 0.0421875 0.0375
0 0.271875 0.440625 0.0484375 0.040625
0 0.103125 0.4171875 0.053125 0.0390625
