0 0.9234375 0.63125 0.05 0.040625
0 0.8203125 0.6234375 0.0484375 0.0421875
0 0.696875 0.6109375 0.053125 0.0421875
0 0.54375 0.596875 0.0546875 0.0546875
0 0.3609375 0.5828125 0.0625 0.053125
0 0.1140625 0.559375 0.0765625 0.059375
0 0.8140625 0.5671875 0.0421875 0.0328125
0 0.7125 0.5546875 0.040625 0.0375
0 0.6015625 0.5359375 0.0421875 0.0390625
0 0.4671875 0.5203125 0.046875 0.0421875
0 0.3046875 0.5 0.0546875 0.046875
0 0.103125 0.475 0.0625 0.0484375
0 0.7296875 0.5171875 0.0390625 0.028125
0 0.6375 0.5015625 0.0375 0.034375
0 0.53125 0.4859375 0.0390625 0.0328125
0 0.4109375 0.4640625 0.04375 0.0390625
0 0.26875 0.440625 0.0484375 0.0390625
0 0.0984375 0.4140625 0.0515625 0.0390625
