0 0.075 0.60625 0.05 0.0375
0 0.1765625 0.6 0.0453125 0.0375
0 0.296875 0.5921875 0.0515625 0.04375
0 0.446875 0.584375 0.0515625 0.0484375
0 0.625 0.571875 0.059375 0.0515625
0 0.8671875 0.5578125 0.0703125 0.0578125
0 0.1875 0.5453125 0.0390625 0.0328125
0 0.284375 0.5359375 0.0421875 0.0375
0 0.396875 0.525 0.040625 0.0375
0 0.528125 0.5109375 0.05 0.0390625
0 0.6859375 0.49375 0.0546875 0.0484375
0 0.8859375 0.4765625 0.0625 0.05
0 0.2703125 0.5 0.0359375 0.0296875
0 0.3640625 0.4859375 0.0390625 0.03125
0 0.4671875 0.4734375 0.0390625 0.0328125
0 0.5875 0.4578125 0.040625 0.0359375
0 0.7265625 0.440625 0.0453125 0.0390625
0 0.896875 0.415625 0.0484375 0.040625
