0 0.925 0.60625 0.05 0.0375
0 0.8234375 0.6 0.0453125 0.0375
0 0.703125 0.5921875 0.0515625 0.04375
0 0.553125 0.584375 0.0515625 0.0484375
0 0.375 0.571875 0.059375 0.0515625
0 0.1328125 0.5578125 0.0703125 0.0578125
0 0.8125 0.5453125 0.0390625 0.0328125
0 0.715625 0.5359375 0.0421875 0.0375
0 0.603125 0.525 0.040625 0.0375
0 0.471875 0.5109375 0.05 0.0390625
0 0.3140625 0.49375 0.0546875 0.0484375
0 0.1140625 0.4765625 0.0625 0.05
0 0.7296875 0.5 0.0359375 0.0296875
0 0.6359375 0.4859375 0.0390625 0.03125
0 0.5328125 0.4734375 0.0390625 0.0328125
0 0.4125 0.4578125 0.040625 0.0359375
0 0.2734375 0.440625 0.0453125 0.0390625
0 0.103125 0.415625 0.0484375 0.040625
