0 0.9171875 0.6046875 0.04375 0.0375
0 0.8171875 0.5984375 0.05 0.04375
0 0.696875 0.590625 0.0546875 0.0453125
0 0.5484375 0.58125 0.053125 0.0484375
0 0.36875 0.5734375 0.0609375 0.05625
0 0.125 0.5578125 0.0734375 0.0640625
0 0.8078125 0.5453125 0.0375 0.0328125
0 0.7109375 0.5359375 0.04375 0.034375
0 0.5984375 0.521875 0.0421875 0.0375
0 0.4671875 0.5109375 0.046875 0.040625
0 0.3078125 0.49375 0.053125 0.0453125
0 0.1078125 0.475 0.0625 0.0484375
0 0.7234375 0.496875 0.0359375 0.03125
0 0.63125 0.4859375 0.034375 0.0328125
0 0.528125 0.471875 0.0375 0.0328125
0 0.4078125 0.4578125 0.04375 0.034375
0 0.2671875 0.440625 0.0484375 0.040625
0 0.0953125 0.415625 0.0515625 0.0390625
